   sandwichC = [ 1.8789    1.3935   -0.0000    1.2046    0.0181    1.2062    0.0363    1.2160    0.0544    1.1352    0.0726    1.0502    0.0907
    1.8508    1.6572   -0.0000    1.2862    0.0237    1.2405    0.0475    1.1843    0.0712    1.1017    0.0950    1.0270    0.1187
    1.8537    1.4426   -0.0000    1.1902    0.0178    1.1826    0.0356    1.1844    0.0534    1.1229    0.0712    1.0335    0.0890
    1.8543    1.6701   -0.0000    1.3175    0.0290    1.2910    0.0580    1.2248    0.0871    1.1363    0.1161    1.0473    0.1451
    1.8727    1.3857   -0.0000    1.1992    0.0178    1.2252    0.0357    1.2541    0.0535    1.1811    0.0714    1.0607    0.0892
    1.8835    1.5004   -0.0000    1.1771    0.0176    1.1824    0.0353    1.2096    0.0529    1.1510    0.0706    1.0614    0.0882
    1.8617    1.6282   -0.0000    1.1399    0.0180    1.1770    0.0361    1.2076    0.0541    1.1496    0.0721    1.0655    0.0902
    1.8620    1.6044   -0.0000    1.2294    0.0206    1.2596    0.0413    1.2530    0.0619    1.1516    0.0826    1.0448    0.1032
    1.8772    1.3716   -0.0000    1.2553    0.0188    1.2717    0.0376    1.1956    0.0564    1.0828    0.0752    0.9773    0.0940
    1.8459    1.4139   -0.0000    1.2304    0.0179    1.2447    0.0358    1.2039    0.0537    1.1000    0.0716    1.0005    0.0895
    1.8737    1.4424   -0.0000    1.2247    0.0192    1.2149    0.0384    1.1733    0.0576    1.0901    0.0769    1.0058    0.0961
    1.9047    1.2663   -0.0000    1.1932    0.0168    1.2275    0.0336    1.2493    0.0504    1.1686    0.0671    1.0431    0.0839
    1.8616    1.5296   -0.0000    1.2534    0.0191    1.3261    0.0382    1.2860    0.0573    1.1535    0.0764    0.9968    0.0955
    1.8403    1.5858   -0.0000    1.2520    0.0179    1.2815    0.0358    1.2351    0.0537    1.1290    0.0716    1.0114    0.0894
    1.8973    1.5121   -0.0000    1.2448    0.0188    1.3042    0.0376    1.2783    0.0564    1.1529    0.0753    1.0021    0.0941
    1.8511    1.2655   -0.0000    1.1778    0.0173    1.1139    0.0346    1.1393    0.0519    1.1018    0.0692    1.0318    0.0865
    1.8403    1.6627   -0.0000    1.2463    0.0192    1.2327    0.0383    1.1820    0.0575    1.0770    0.0767    0.9740    0.0959
    1.8042    1.7352   -0.0000    1.2316    0.0180    1.1875    0.0361    1.1457    0.0541    1.0629    0.0722    0.9813    0.0902
    1.8481    1.6459   -0.0000    1.2248    0.0194    1.2134    0.0389    1.1843    0.0583    1.0971    0.0778    0.9987    0.0972
    1.8507    1.1600   -0.0000    1.2509    0.0165    1.2950    0.0330    1.2768    0.0495    1.1528    0.0661    1.0364    0.0826];

  B = [0.9454    0.1089    0.8519    0.1270    0.7704    0.1452    0.6746    0.1633    0.6053    0.1815    0.5529    0.1996    0.5221
    0.9389    0.1425    0.8638    0.1662    0.7578    0.1900    0.6762    0.2137    0.5844    0.2375    0.5260    0.2612    0.4464
    0.9504    0.1068    0.8627    0.1245    0.7889    0.1423    0.6968    0.1601    0.6457    0.1779    0.5911    0.1957    0.5407
    0.9122    0.1741    0.8114    0.2031    0.6923    0.2322    0.6050    0.2612    0.5326    0.2902    0.4625    0.3192    0.4643
    0.9428    0.1070    0.8506    0.1249    0.7351    0.1427    0.6524    0.1605    0.5816    0.1784    0.5423    0.1962    0.4634
    0.9591    0.1058    0.8677    0.1235    0.7572    0.1411    0.7064    0.1587    0.6195    0.1764    0.5642    0.1940    0.4768
    0.9676    0.1082    0.8762    0.1262    0.7926    0.1443    0.6883    0.1623    0.6234    0.1803    0.5629    0.1984    0.4871
    0.9390    0.1239    0.8117    0.1445    0.7303    0.1652    0.6550    0.1858    0.5891    0.2064    0.5021    0.2271    0.4930
    0.8996    0.1128    0.8313    0.1316    0.7577    0.1504    0.6975    0.1692    0.6549    0.1880    0.6062    0.2068    0.5670
    0.9078    0.1075    0.8253    0.1254    0.7583    0.1433    0.6973    0.1612    0.6531    0.1791    0.6187    0.1970    0.5319
    0.9276    0.1153    0.8610    0.1345    0.7763    0.1537    0.6985    0.1729    0.6547    0.1921    0.5976    0.2114    0.5195
    0.9163    0.1007    0.8228    0.1175    0.7349    0.1343    0.6668    0.1511    0.6131    0.1679    0.5453    0.1846    0.5213
    0.8761    0.1146    0.7663    0.1337    0.7021    0.1528    0.6361    0.1719    0.5855    0.1910    0.5307    0.2101    0.4801
    0.8998    0.1073    0.8268    0.1252    0.7499    0.1431    0.6784    0.1610    0.6035    0.1789    0.5230    0.1968    0.4949
    0.8920    0.1129    0.8037    0.1317    0.7337    0.1505    0.6634    0.1693    0.5946    0.1881    0.5485    0.2070    0.4995
    0.9778    0.1038    0.8991    0.1212    0.8177    0.1385    0.7447    0.1558    0.6577    0.1731    0.5974    0.1904    0.5194
    0.9144    0.1150    0.8333    0.1342    0.7817    0.1534    0.7018    0.1726    0.6487    0.1917    0.5954    0.2109    0.5529
    0.9048    0.1083    0.8449    0.1263    0.7893    0.1444    0.7308    0.1624    0.6911    0.1805    0.6325    0.1985    0.5540
    0.9183    0.1167    0.8446    0.1361    0.7877    0.1556    0.7119    0.1750    0.6239    0.1945    0.5878    0.2139    0.5269
    0.9261    0.0991    0.8146    0.1156    0.7185    0.1321    0.6617    0.1486    0.5817    0.1651    0.5290    0.1816    0.4952];

  C = [ 0.2178    0.4969    0.2359    0.4152    0.2541    0.3918    0.2722    0.3410    0.2904    0.4220    0.3085    0.4378    0.3266
    0.2850    0.4221    0.3087    0.4777    0.3325    0.4015    0.3562    0.3300    0.3799    0.3549    0.4037   -0.0666    0.4274
    0.2135    0.4585    0.2313    0.4517    0.2491    0.4104    0.2669    0.3786    0.2847    0.3137    0.3025    0.3335    0.3203
    0.3482    0.3255    0.3773    0.3932    0.4063    0.3703    0.4353    0.2547    0.4643    0.3511    0.4933    0.4717    0.5224
    0.2141    0.4189    0.2319    0.3790    0.2497    0.3334    0.2676    0.2620    0.2854    0.3350    0.3033    0.2575    0.3211
    0.2117    0.4244    0.2293    0.3950    0.2469    0.3561    0.2646    0.3840    0.2822    0.2689    0.2999    0.3825    0.3175
    0.2164    0.4274    0.2344    0.3999    0.2525    0.3577    0.2705    0.3298    0.2885    0.3229    0.3066    0.2945    0.3246
    0.2477    0.4290    0.2684    0.3795    0.2890    0.4339    0.3097    0.2951    0.3303    0.2142    0.3509    0.3537    0.3716
    0.2256    0.4977    0.2444    0.4495    0.2632    0.4223    0.2820    0.3600    0.3008    0.2270    0.3196    0.3178    0.3384
    0.2149    0.5016    0.2328    0.4476    0.2507    0.4290    0.2686    0.3979    0.2866    0.3684    0.3045    0.3966    0.3224
    0.2306    0.4894    0.2498    0.4431    0.2690    0.4168    0.2882    0.3560    0.3074    0.2822    0.3267    0.4598    0.3459
    0.2014    0.4620    0.2182    0.4721    0.2350    0.4357    0.2518    0.3786    0.2686    0.3348    0.2854    0.3449    0.3021
    0.2292    0.4724    0.2483    0.4571    0.2674    0.4166    0.2865    0.4319    0.3056    0.3358    0.3247    0.5534    0.3438
    0.2147    0.4932    0.2326    0.4302    0.2505    0.4017    0.2683    0.3978    0.2862    0.3283    0.3041    0.1725    0.3220
    0.2258    0.4510    0.2446    0.4663    0.2634    0.4375    0.2822    0.3884    0.3010    0.3979    0.3198    0.4243    0.3386
    0.2077    0.4661    0.2250    0.4473    0.2423    0.4116    0.2596    0.4231    0.2769    0.3974    0.2942    0.3868    0.3115
    0.2301    0.5083    0.2493    0.4544    0.2684    0.4437    0.2876    0.4605    0.3068    0.4007    0.3259    0.3931    0.3451
    0.2166    0.5166    0.2346    0.4627    0.2526    0.4571    0.2707    0.3856    0.2887    0.3990    0.3068    0.3780    0.3248
    0.2334    0.5064    0.2528    0.4660    0.2723    0.4321    0.2917    0.4243    0.3111    0.3821    0.3306    0.3999    0.3500
    0.1982    0.4523    0.2147    0.3815    0.2312    0.4380    0.2477    0.5052    0.2642    0.3160    0.2807    0.3163    0.2972];

