baguette = [  1.7211    1.8001    1.3657    0.9718    0.7907    0.7409    0.6525    0.6353    0.6529    0.5627
    1.7158    1.6826    1.3399    1.1105    0.9030    0.7482    0.6404    0.5645    0.5159    0.5019
    1.7664    1.7610    1.3833    1.0392    0.8338    0.6870    0.6045    0.5303    0.4902    0.4503
    1.7738    1.7795    1.4286    0.9717    0.7467    0.6652    0.5564    0.4950    0.5783    0.3739
    1.7690    1.7798    1.4180    1.0016    0.7720    0.7136    0.6055    0.6274    0.5847    0.5679
    1.7180    1.7351    1.3956    1.0527    0.7993    0.6946    0.6087    0.5712    0.6070    0.5062
    1.7498    1.8195    1.3478    0.9526    0.7484    0.6286    0.5561    0.5279    0.4293    0.4972
    1.7585    1.8728    1.2397    0.8609    0.7259    0.6841    0.5945    0.5217    0.3715    0.3874
    1.7577    1.8403    1.3036    0.8998    0.7254    0.7237    0.6086    0.6667    0.5978    0.4811
    1.7708    1.7475    1.4479    1.0105    0.7853    0.6546    0.6260    0.5197    0.5575    0.5837
    1.7854    1.7135    1.4338    1.0533    0.8371    0.7106    0.6761    0.6045    0.5464    0.4850
    1.7854    1.7135    1.4338    1.0533    0.8371    0.7106    0.6761    0.6045    0.5464    0.4850
    1.7609    1.8570    1.2292    0.8920    0.7283    0.6027    0.5850    0.5343    0.6160    0.5916
    1.7151    1.8551    1.3014    0.8759    0.7644    0.7176    0.7207    0.6538    0.6393    0.6312
    1.7771    1.7753    1.3059    1.0060    0.8185    0.6812    0.6111    0.5322    0.5218    0.5230
    1.6380    1.8901    1.1930    0.9412    0.8124    0.6773    0.7073    0.5806    0.4853    0.5064
    1.7444    1.8172    1.3000    0.9517    0.7385    0.6463    0.6103    0.5868    0.6016    0.5603
    1.7804    1.8262    1.2699    0.9479    0.7509    0.6411    0.5252    0.5337    0.5519    0.5440
    1.7211    1.8001    1.3657    0.9718    0.7907    0.7409    0.6525    0.6353    0.6529    0.5627
    1.8022    1.5274    1.4110    1.2110    0.9950    0.8261    0.7018    0.6280    0.5371    0.5365
    1.7795    1.7661    1.3598    1.0828    0.8954    0.7587    0.6521    0.5941    0.5621    0.4746
    1.7664    1.7610    1.3833    1.0392    0.8338    0.6870    0.6045    0.5303    0.4902    0.4503
    1.7646    1.5815    1.3499    1.2015    1.0046    0.8098    0.7001    0.5984    0.5194    0.4845
    1.8035    1.8212    1.2781    0.9839    0.8348    0.7134    0.6377    0.5968    0.5419    0.5675
    1.7690    1.7798    1.4180    1.0016    0.7720    0.7136    0.6055    0.6274    0.5847    0.5679
    1.8190    1.5810    1.3848    1.1888    0.9880    0.8272    0.6866    0.6018    0.5543    0.4793
    1.8141    1.7830    1.2594    0.9723    0.8134    0.7077    0.6379    0.5708    0.5517    0.5418
    1.7840    1.8290    1.3319    0.9373    0.7449    0.6376    0.5793    0.5334    0.5208    0.3392
    
    1.7078    1.8074    1.3528    0.9581    0.7773    0.6523    0.6859    0.5995    0.5933    0.6133
   % 1.8199    1.5124    1.4107    1.2176    1.0018    0.8281    0.7183    0.6565    0.5782    0.5123
    1.7829    1.8686    1.2616    0.9004    0.7994    0.7368    0.6733    0.6519    0.6524    0.5782
   % 1.7770    1.7862    1.3636    1.0036    0.8155    0.6935    0.6586    0.5797    0.5347    0.5488
    1.7650    1.8037    1.2966    0.9825    0.7868    0.7038    0.5802    0.5571    0.5600    0.5266
   % 1.7577    1.8403    1.3036    0.8998    0.7254    0.7237    0.6086    0.6667    0.5978    0.4811
    
    1.7484    1.5088    1.4115    1.2546    1.0390    0.8286    0.6866    0.5892    0.5092    0.4663
    1.7468    1.7080    1.4628    1.0941    0.8387    0.7070    0.6009    0.5575    0.5195    0.4548
    1.7634    1.8139    1.3790    0.9692    0.7820    0.6715    0.6622    0.6247    0.6144    0.7124
    1.6630    1.4942    1.4520    1.2720    1.0383    0.7972    0.6575    0.5599    0.5130    0.4823
    1.7319    1.7110    1.4369    1.0862    0.8301    0.6783    0.6142    0.5562    0.5135    0.5293
    1.7572    1.7575    1.4275    1.0341    0.8120    0.6996    0.6309    0.5448    0.4385    0.4118
    1.6874    1.5357    1.4641    1.2539    0.9903    0.7941    0.6664    0.5927    0.5177    0.4854
    1.6542    1.6355    1.5006    1.1683    0.8915    0.6978    0.6126    0.5914    0.5382    0.5275
    1.7591    1.4362    1.3747    1.2612    1.0852    0.9179    0.7696    0.6541    0.5564    0.4856
    1.7938    1.5622    1.4697    1.2380    0.9835    0.8106    0.6658    0.6039    0.5336    0.4670
    1.7901    1.6703    1.4818    1.1387    0.8729    0.7329    0.6355    0.5678    0.5336    0.5787
    1.7623    1.7199    1.4692    1.0641    0.8307    0.6813    0.6114    0.5356    0.5681    0.5541
    1.6872    1.7013    1.4885    1.0847    0.8479    0.7106    0.6230    0.5916    0.5903    0.5883
    1.7614    1.6444    1.4988    1.1535    0.8930    0.7247    0.6456    0.5759    0.5084    0.4108
    1.7344    1.7319    1.4678    1.0143    0.7837    0.7128    0.6476    0.5101    0.4997    0.5096
    1.7632    1.7860    1.3815    0.9473    0.7488    0.6662    0.6111    0.6275    0.5877    0.4401
    1.7359    1.7445    1.4567    0.9859    0.7635    0.6849    0.6270    0.5664    0.5564    0.5495
    1.7772    1.6946    1.4374    1.0547    0.8144    0.6841    0.6497    0.6209    0.5836    0.5900
    1.7723    1.7041    1.4774    1.0437    0.7968    0.6709    0.6327    0.5856    0.5711    0.5536]
