lactal = [   1.6322    1.8023   -0.0000    1.5274    0.0704    1.4110    0.1409    1.2110    0.2113    0.9950    0.2817    0.8261    0.3521    0.7018    0.4226    0.6280    0.4930    0.5371    0.5634    0.5365
    1.5856    1.7723   -0.0000    1.4598    0.0524    1.3310    0.1048    1.2368    0.1572    1.0693    0.2096    0.8925    0.2620    0.7410    0.3144    0.6595    0.3667    0.5803    0.4191    0.5135
    1.5844    1.7648   -0.0000    1.5815    0.0588    1.3499    0.1176    1.2015    0.1765    1.0046    0.2353    0.8098    0.2941    0.7001    0.3529    0.5984    0.4117    0.5194    0.4705    0.4845
    1.6311    1.8308   -0.0000    1.4837    0.0544    1.2759    0.1087    1.1958    0.1631    1.0546    0.2174    0.9041    0.2718    0.7835    0.3261    0.6840    0.3805    0.6064    0.4348    0.5283
    1.6123    1.8190   -0.0000    1.5810    0.0728    1.3848    0.1456    1.1888    0.2185    0.9880    0.2913    0.8272    0.3641    0.6866    0.4369    0.6018    0.5097    0.5543    0.5825    0.4793
    1.6246    1.7840   -0.0000    1.5182    0.0522    1.3035    0.1043    1.2069    0.1565    1.0400    0.2087    0.8756    0.2608    0.7372    0.3130    0.6394    0.3652    0.5588    0.4174    0.5304
    1.6215    1.8199   -0.0000    1.5124    0.0691    1.4107    0.1382    1.2176    0.2073    1.0018    0.2764    0.8281    0.3455    0.7183    0.4146    0.6565    0.4837    0.5782    0.5528    0.5123
    1.6145    1.8237   -0.0000    1.5577    0.0735    1.3715    0.1469    1.1974    0.2204    0.9946    0.2938    0.8364    0.3673    0.7400    0.4408    0.6426    0.5142    0.5957    0.5877    0.5328
    1.6358    1.7795   -0.0000    1.5509    0.0448    1.2587    0.0895    1.1475    0.1343    1.0178    0.1791    0.8835    0.2238    0.7595    0.2686    0.6663    0.3133    0.5855    0.3581    0.5355
    1.6552    1.8023   -0.0000    1.6503    0.0948    1.4319    0.1897    1.1461    0.2845    0.9118    0.3793    0.7666    0.4741    0.6478    0.5690    0.5856    0.6638    0.5572    0.7586    0.5418
    1.5695    1.8313   -0.0000    1.3878    0.0605    1.3515    0.1210    1.2508    0.1815    1.0758    0.2420    0.9071    0.3025    0.7862    0.3630    0.6834    0.4235    0.6160    0.4840    0.5716
    1.5996    1.7823   -0.0000    1.6154    0.0706    1.4110    0.1412    1.1885    0.2118    0.9423    0.2824    0.7714    0.3530    0.6690    0.4236    0.5770    0.4942    0.5344    0.5647    0.4378
    1.5670    1.8027   -0.0000    1.5775    0.0844    1.4846    0.1687    1.2048    0.2531    0.9296    0.3374    0.7604    0.4218    0.6673    0.5061    0.5969    0.5905    0.5065    0.6748    0.5132
    1.5583    1.7836   -0.0000    1.5449    0.0758    1.4669    0.1516    1.2217    0.2275    0.9619    0.3033    0.7834    0.3791    0.6767    0.4549    0.5933    0.5308    0.5370    0.6066    0.5004
    1.5796    1.7024   -0.0000    1.4360    0.0429    1.4208    0.0858    1.2845    0.1288    1.0789    0.1717    0.8898    0.2146    0.7386    0.2575    0.6436    0.3004    0.5677    0.3434    0.4937
    1.5744    1.7087   -0.0000    1.4975    0.0463    1.4570    0.0926    1.2718    0.1389    1.0245    0.1852    0.8234    0.2316    0.6946    0.2779    0.5697    0.3242    0.5070    0.3705    0.4386
    1.6205    1.7510   -0.0000    1.5123    0.0561    1.4566    0.1122    1.2287    0.1682    0.9877    0.2243    0.8210    0.2804    0.7068    0.3365    0.6117    0.3926    0.5361    0.4487    0.4968
    1.6399    1.7890   -0.0000    1.5963    0.0800    1.4882    0.1599    1.1886    0.2399    0.9306    0.3199    0.7476    0.3998    0.6368    0.4798    0.5632    0.5598    0.4784    0.6397    0.4403
    1.6367    1.7441   -0.0000    1.4082    0.0385    1.3886    0.0771    1.2825    0.1156    1.0927    0.1541    0.8997    0.1926    0.7479    0.2312    0.6280    0.2697    0.5565    0.3082    0.5122
    1.6088    1.7251   -0.0000    1.4456    0.0448    1.4303    0.0897    1.2836    0.1345    1.0468    0.1794    0.8608    0.2242    0.7196    0.2690    0.6239    0.3139    0.5612    0.3587    0.4959
    1.6158    1.8123   -0.0000    1.5871    0.0649    1.3739    0.1298    1.2008    0.1948    0.9919    0.2597    0.8342    0.3246    0.7060    0.3895    0.6005    0.4544    0.5309    0.5193    0.4773
    1.6119    1.7742   -0.0000    1.4942    0.0616    1.3893    0.1232    1.2463    0.1848    1.0336    0.2464    0.8448    0.3080    0.7133    0.3695    0.6156    0.4311    0.5522    0.4927    0.5178
    1.6324    1.8166   -0.0000    1.4608    0.0616    1.3824    0.1233    1.2529    0.1849    1.0429    0.2466    0.8651    0.3082    0.7391    0.3699    0.6409    0.4315    0.5820    0.4932    0.5482
    1.6104    1.8164   -0.0000    1.5124    0.0651    1.3561    0.1301    1.2182    0.1952    1.0189    0.2603    0.8585    0.3253    0.7416    0.3904    0.6468    0.4555    0.5655    0.5206    0.5118
    1.6154    1.8106   -0.0000    1.4835    0.0661    1.3783    0.1323    1.2417    0.1984    1.0403    0.2646    0.8635    0.3307    0.7434    0.3969    0.6408    0.4630    0.5578    0.5292    0.5151
    1.5913    1.8117   -0.0000    1.5201    0.0748    1.4211    0.1496    1.2272    0.2244    1.0031    0.2991    0.8368    0.3739    0.7142    0.4487    0.6313    0.5235    0.5664    0.5983    0.5148
    1.6147    1.8301   -0.0000    1.5530    0.0739    1.3837    0.1478    1.2153    0.2217    1.0062    0.2956    0.8391    0.3696    0.7032    0.4435    0.6263    0.5174    0.5664    0.5913    0.5237
    1.6432    1.7743   -0.0000    1.4754    0.0406    1.2619    0.0811    1.1775    0.1217    1.0425    0.1623    0.9095    0.2028    0.7969    0.2434    0.6859    0.2839    0.6153    0.3245    0.5561
    1.6231    1.7866   -0.0000    1.4707    0.0503    1.3204    0.1006    1.2219    0.1510    1.0551    0.2013    0.8920    0.2516    0.7763    0.3019    0.6793    0.3523    0.5946    0.4026    0.5270
    1.5804    1.8742   -0.0000    1.6637    0.0950    1.4393    0.1900    1.1364    0.2850    0.9128    0.3800    0.7839    0.4751    0.6587    0.5701    0.5865    0.6651    0.5607    0.7601    0.4882
    1.5909    1.8122   -0.0000    1.5445    0.0816    1.4461    0.1632    1.2062    0.2448    0.9925    0.3264    0.8166    0.4079    0.6987    0.4895    0.6275    0.5711    0.5590    0.6527    0.5359
    1.5844    1.7967   -0.0000    1.4319    0.0597    1.3653    0.1194    1.2605    0.1791    1.0650    0.2387    0.8831    0.2984    0.7447    0.3581    0.6649    0.4178    0.6090    0.4775    0.5334
    1.5825    1.8246   -0.0000    1.5842    0.0926    1.4764    0.1852    1.1940    0.2778    0.9634    0.3705    0.7860    0.4631    0.6872    0.5557    0.6187    0.6483    0.5012    0.7409    0.4332
    1.5616    1.8125   -0.0000    1.4331    0.0622    1.3988    0.1243    1.2779    0.1865    1.0591    0.2487    0.8787    0.3109    0.7392    0.3730    0.6434    0.4352    0.5716    0.4974    0.5226
    1.5684    1.8173   -0.0000    1.5710    0.0809    1.4241    0.1617    1.2071    0.2426    0.9672    0.3235    0.7889    0.4043    0.6852    0.4852    0.5827    0.5661    0.5145    0.6469    0.4707
    1.5694    1.8067   -0.0000    1.5603    0.0759    1.4335    0.1518    1.2008    0.2277    0.9745    0.3036    0.8215    0.3795    0.7096    0.4554    0.6295    0.5313    0.5518    0.6072    0.5308
    1.6118    1.8133   -0.0000    1.5169    0.0666    1.4402    0.1331    1.2247    0.1997    0.9914    0.2663    0.8303    0.3328    0.7162    0.3994    0.6482    0.4660    0.5758    0.5325    0.5179
    1.6147    1.7945   -0.0000    1.5340    0.0702    1.4002    0.1404    1.2204    0.2106    0.9949    0.2808    0.8224    0.3511    0.7119    0.4213    0.6394    0.4915    0.5635    0.5617    0.5376
    1.6413    1.8000   -0.0000    1.5325    0.0685    1.4449    0.1369    1.2246    0.2054    0.9903    0.2739    0.8154    0.3423    0.7099    0.4108    0.6176    0.4793    0.5596    0.5477    0.5352
