baguette = [    1.6244    1.7184   -0.0000    1.8355    0.1481    1.3176    0.2963    0.9305    0.4444    0.7917    0.5925    0.6984    0.7407
    1.5776    1.7222   -0.0000    1.6480    0.0572    1.3906    0.1144    1.1425    0.1717    0.9108    0.2289    0.7481    0.2861
    1.5775    1.7672   -0.0000    1.7685    0.0875    1.3868    0.1751    1.0314    0.2626    0.8309    0.3501    0.6696    0.4376
    1.6243    1.7750   -0.0000    1.7821    0.1263    1.4295    0.2526    0.9701    0.3789    0.7380    0.5052    0.6561    0.6315
    1.6120    1.7701   -0.0000    1.8223    0.1470    1.3688    0.2940    0.9548    0.4410    0.7602    0.5880    0.6819    0.7350
    1.6178    1.7204   -0.0000    1.7215    0.0758    1.4245    0.1516    1.0593    0.2274    0.7996    0.3031    0.6952    0.3789
    1.6188    1.7518   -0.0000    1.8867    0.1486    1.2397    0.2972    0.8527    0.4458    0.6786    0.5944    0.5711    0.7430
    1.6116    1.7626   -0.0000    1.8695    0.1547    1.2504    0.3095    0.8606    0.4642    0.7034    0.6190    0.6903    0.7737
    1.6293    1.7596   -0.0000    1.8367    0.1535    1.3157    0.3070    0.9024    0.4605    0.7166    0.6140    0.7034    0.7675
    1.6473    1.7710   -0.0000    1.8114    0.1264    1.3855    0.2528    0.9246    0.3791    0.7419    0.5055    0.6591    0.6319
    1.5623    1.7867   -0.0000    1.7179    0.0973    1.4367    0.1947    1.0506    0.2920    0.8366    0.3893    0.7128    0.4866
    1.5915    1.7638   -0.0000    1.8703    0.1559    1.2201    0.3117    0.8636    0.4676    0.7142    0.6235    0.5997    0.7794
    1.5608    1.7173   -0.0000    1.8560    0.1562    1.3031    0.3123    0.8570    0.4685    0.7543    0.6246    0.7214    0.7808
    1.5530    1.7805   -0.0000    1.7768    0.1055    1.3322    0.2109    1.0041    0.3164    0.7935    0.4218    0.6692    0.5273
    1.5776    1.6375   -0.0000    1.8880    0.1502    1.2192    0.3005    0.9308    0.4507    0.8001    0.6009    0.7068    0.7512
    1.5701    1.7485   -0.0000    1.8512    0.1456    1.2762    0.2913    0.8810    0.4369    0.7119    0.5826    0.6511    0.7282
    1.6164    1.7837   -0.0000    1.8683    0.1521    1.2360    0.3042    0.8695    0.4563    0.6899    0.6084    0.5761    0.7605
    1.6368    1.7260   -0.0000    1.8756    0.1527    1.2568    0.3055    0.8592    0.4582    0.7510    0.6110    0.7015    0.7637
    1.6300    1.7456   -0.0000    1.8335    0.1195    1.3030    0.2389    0.9409    0.3584    0.7741    0.4779    0.6592    0.5974
    1.6067    1.7840   -0.0000    1.8126    0.1421    1.3685    0.2842    0.9536    0.4263    0.7469    0.5684    0.6770    0.7105
    1.6132    1.7962   -0.0000    1.6823    0.0740    1.3843    0.1479    1.1163    0.2219    0.8805    0.2959    0.7138    0.3699
    1.6100    1.7212   -0.0000    1.7246    0.0779    1.4144    0.1558    1.0521    0.2337    0.8075    0.3116    0.6723    0.3895
    1.6242    1.7581   -0.0000    1.8669    0.1354    1.2602    0.2708    0.8758    0.4062    0.7699    0.5416    0.7106    0.6770
    1.6066    1.7830   -0.0000    1.7379    0.1172    1.4539    0.2344    1.0280    0.3516    0.7781    0.4689    0.6631    0.5861
    1.6119    1.7690   -0.0000    1.8385    0.1490    1.3266    0.2980    0.8845    0.4469    0.7300    0.5959    0.6252    0.7449
    1.5868    1.7564   -0.0000    1.8064    0.1044    1.3106    0.2087    0.9596    0.3131    0.7686    0.4175    0.6542    0.5218
    1.6085    1.7357   -0.0000    1.8145    0.0965    1.2885    0.1931    0.9629    0.2896    0.7604    0.3862    0.6565    0.4827
    1.6384    1.7802   -0.0000    1.8433    0.1508    1.3227    0.3017    0.8946    0.4525    0.7384    0.6034    0.6410    0.7542
    1.6179    1.7115   -0.0000    1.8192    0.1114    1.3527    0.2229    0.9311    0.3343    0.7542    0.4458    0.6831    0.5572
    1.5754    1.7877   -0.0000    1.8749    0.1507    1.2522    0.3014    0.8964    0.4521    0.7795    0.6028    0.7382    0.7535
    1.5863    1.7684   -0.0000    1.8334    0.1266    1.2898    0.2532    0.9403    0.3799    0.7744    0.5065    0.6381    0.6331
    1.5832    1.7491   -0.0000    1.5130    0.0544    1.4287    0.1088    1.2609    0.1631    1.0196    0.2175    0.8223    0.2719
    1.5778    1.7476   -0.0000    1.7359    0.0960    1.4538    0.1921    1.0564    0.2881    0.8206    0.3842    0.6874    0.4802
    1.5524    1.7704   -0.0000    1.8799    0.1496    1.2707    0.2992    0.8830    0.4487    0.7390    0.5983    0.7053    0.7479
    1.5629    1.6649   -0.0000    1.4869    0.0444    1.4486    0.0887    1.2820    0.1331    1.0403    0.1774    0.8045    0.2218
    1.5657    1.7349   -0.0000    1.6686    0.0706    1.4466    0.1411    1.1349    0.2117    0.8711    0.2822    0.7022    0.3528
    1.6064    1.7586   -0.0000    1.7769    0.1086    1.4156    0.2171    1.0124    0.3257    0.7957    0.4343    0.6960    0.5429
    1.6090    1.6880   -0.0000    1.5372    0.0520    1.4698    0.1041    1.2572    0.1561    0.9881    0.2082    0.7880    0.2602
    1.6353    1.6561   -0.0000    1.6545    0.0678    1.5034    0.1355    1.1444    0.2033    0.8728    0.2711    0.6884    0.3388
    1.5993    1.7610   -0.0000    1.4260    0.0417    1.3806    0.0835    1.2657    0.1252    1.0917    0.1669    0.9169    0.2087
    1.6133    1.7939   -0.0000    1.5748    0.0577    1.4791    0.1155    1.2333    0.1732    0.9626    0.2310    0.8016    0.2887
    1.6094    1.7917   -0.0000    1.6771    0.0892    1.4846    0.1785    1.1297    0.2677    0.8704    0.3570    0.7231    0.4462
    1.6001    1.7635   -0.0000    1.8143    0.1376    1.3898    0.2751    0.9590    0.4127    0.7583    0.5503    0.6511    0.6879
    1.5549    1.6870   -0.0000    1.7166    0.0812    1.4825    0.1623    1.0661    0.2435    0.8356    0.3246    0.6942    0.4058
    1.5774    1.7630   -0.0000    1.7642    0.1154    1.4517    0.2308    1.0254    0.3462    0.7876    0.4617    0.6876    0.5771
    1.5675    1.7352   -0.0000    1.7243    0.0865    1.4752    0.1730    1.0212    0.2595    0.7891    0.3460    0.7072    0.4325
    1.6082    1.7626   -0.0000    1.8470    0.1487    1.2969    0.2975    0.8663    0.4462    0.7316    0.5950    0.6723    0.7437
    1.5954    1.7357   -0.0000    1.7639    0.1186    1.4436    0.2372    0.9581    0.3558    0.7681    0.4744    0.6754    0.5929
    1.6031    1.7782   -0.0000    1.6787    0.0913    1.4539    0.1827    1.0696    0.2740    0.8227    0.3653    0.6872    0.4567
    1.6249    1.7741   -0.0000    1.6881    0.0964    1.4890    0.1927    1.0642    0.2891    0.7996    0.3854    0.6746    0.4818];

