lactal = [  1.6322    1.8022   -0.0000    1.9713    0.4695    0.8958    0.9391         0
    1.5856    1.7721   -0.0000    1.9605    0.3493    0.9697    0.6986         0
    1.5844    1.7646   -0.0000    1.9733    0.3921    0.8658    0.7842         0
    1.6311    1.8308   -0.0000    1.9553    0.3624    0.9963    0.7247         0
    1.6123    1.8190   -0.0000    1.9737    0.4855    0.8901    0.9709         0
    1.6246    1.7838   -0.0000    1.9624    0.3478    0.9526    0.6956         0
    1.6215    1.8199   -0.0000    1.9670    0.4607    0.9712    0.9213         0
    1.6145    1.8236   -0.0000    1.9714    0.4897    0.9240    0.9795         0
    1.6358    1.7794   -0.0000    1.9586    0.2984    0.9750    0.5968         0
    1.6552    1.8022   -0.0000    1.9819    0.6322    0.8011    1.2644         0
    1.5695    1.8313   -0.0000    1.9521    0.4034    1.0607    0.8067         0
    1.5996    1.7823   -0.0000    1.9803    0.4706    0.7828    0.9412         0
    1.5670    1.8027   -0.0000    1.9807    0.5623    0.8351    1.1247         0
    1.5583    1.7837   -0.0000    1.9776    0.5055    0.8569    1.0110         0
    1.5796    1.7026   -0.0000    1.9709    0.2861    0.9297    0.5723         0
    1.5744    1.7087   -0.0000    1.9772    0.3087    0.8307    0.6175         0
    1.6205    1.7513   -0.0000    1.9727    0.3739    0.9163    0.7478         0
    1.6399    1.7890   -0.0000    1.9821    0.5331    0.7707    1.0662         0
    1.6367    1.7444   -0.0000    1.9657    0.2568    0.9647    0.5137         0
    1.6088    1.7249   -0.0000    1.9695    0.2989    0.9538    0.5979         0
    1.6158    1.8122   -0.0000    1.9776    0.4328    0.8182    0.8656         0
    1.6119    1.7741   -0.0000    1.9698    0.4106    0.9043    0.8212         0
    1.6324    1.8168   -0.0000    1.9650    0.4110    0.9489    0.8220         0
    1.6104    1.8164   -0.0000    1.9663    0.4338    0.9220    0.8676         0
    1.6154    1.8106   -0.0000    1.9678    0.4410    0.9184    0.8820         0
    1.5913    1.8117   -0.0000    1.9745    0.4986    0.8882    0.9971         0
    1.6147    1.8303   -0.0000    1.9744    0.4927    0.8612    0.9855         0
    1.6432    1.7743   -0.0000    1.9478    0.2704    1.0457    0.5408         0
    1.6231    1.7866   -0.0000    1.9605    0.3355    0.9597    0.6710         0
    1.5804    1.8741   -0.0000    1.9816    0.6334    0.8499    1.2668         0
    1.5909    1.8122   -0.0000    1.9764    0.5439    0.8655    1.0878         0
    1.5844    1.7967   -0.0000    1.9613    0.3979    0.9840    0.7958         0
    1.5825    1.8247   -0.0000    1.9823    0.6174    0.7271    1.2349         0
    1.5616    1.8122   -0.0000    1.9669    0.4145    0.9439    0.8289         0
    1.5684    1.8174   -0.0000    1.9781    0.5391    0.8066    1.0782         0
    1.5694    1.8069   -0.0000    1.9754    0.5060    0.8734    1.0119         0
    1.6118    1.8133   -0.0000    1.9727    0.4438    0.9018    0.8876         0
    1.6147    1.7946   -0.0000    1.9719    0.4681    0.9083    0.9361         0
    1.6413    1.8002   -0.0000    1.9740    0.4564    0.9282    0.9129         0
    1.6054    1.7913   -0.0000    1.9798    0.4671    0.7803    0.9343         0
    1.6154    1.8209   -0.0000    1.9749    0.4673    0.9110    0.9347         0
    1.6131    1.7619   -0.0000    1.9565    0.2880    0.9946    0.5760         0
    1.6065    1.8129   -0.0000    1.9651    0.4488    0.9559    0.8977         0
    1.5613    1.8319   -0.0000    1.9781    0.5669    0.8163    1.1338         0
    1.5799    1.8021   -0.0000    1.9620    0.4046    0.9780    0.8091         0
    1.5739    1.8286   -0.0000    1.9598    0.3933    0.9683    0.7865         0
    1.6130    1.8331   -0.0000    1.9692    0.5243    0.9541    1.0486         0
    1.6041    1.7973   -0.0000    1.9729    0.4346    0.9340    0.8693         0
    1.6113    1.8333   -0.0000    1.9722    0.4895    0.8915    0.9791         0
    1.6237    1.8101   -0.0000    1.9656    0.3698    0.9442    0.7396         0];


