lactal = [    1.6322    1.8022   -0.0000    1.9239    0.2817    1.1494    0.5634    0.7834    0.8452    0.5634    1.1269         0
    1.5856    1.7721   -0.0000    1.8920    0.2096    1.2376    0.4191    0.8043    0.6287    0.6150    0.8383         0
    1.5844    1.7646   -0.0000    1.9284    0.2353    1.1191    0.4705    0.7514    0.7058    0.5714    0.9411         0
    1.6311    1.8308   -0.0000    1.8781    0.2174    1.2829    0.4348    0.8314    0.6522    0.6187    0.8697         0
    1.6123    1.8189   -0.0000    1.9308    0.2913    1.1260    0.5825    0.7687    0.8738    0.7004    1.1651         0
    1.6246    1.7840   -0.0000    1.8983    0.2087    1.2183    0.4174    0.8122    0.6260    0.5941    0.8347         0
    1.6215    1.8198   -0.0000    1.9173    0.2764    1.1619    0.5528    0.8368    0.8292    0.7557    1.1056         0
    1.6145    1.8236   -0.0000    1.9215    0.2938    1.1683    0.5877    0.8058    0.8815    0.5980    1.1754         0
    1.6358    1.7795   -0.0000    1.8890    0.1791    1.2510    0.3581    0.8233    0.5372    0.5211    0.7162         0
    1.6552    1.8023   -0.0000    1.9574    0.3793    1.0028    0.7586    0.7588    1.1379    0.5583    1.5173         0
    1.5695    1.8313   -0.0000    1.8767    0.2420    1.2768    0.4840    0.9192    0.7260    0.7203    0.9680         0
    1.5996    1.7823   -0.0000    1.9482    0.2824    1.0397    0.5647    0.6784    0.8471    0.5887    1.1295         0
    1.5670    1.8029   -0.0000    1.9535    0.3374    1.0210    0.6748    0.7550    1.0122    0.5193    1.3496         0
    1.5583    1.7836   -0.0000    1.9426    0.3033    1.0720    0.6066    0.7585    0.9099    0.6301    1.2132         0
    1.5796    1.7024   -0.0000    1.9181    0.1717    1.1889    0.3434    0.7911    0.5151    0.5930    0.6867         0
    1.5744    1.7087   -0.0000    1.9387    0.1852    1.1034    0.3705    0.6962    0.5557    0.4819    0.7410         0
    1.6205    1.7512   -0.0000    1.9310    0.2243    1.1392    0.4487    0.8179    0.6730    0.5486    0.8973         0
    1.6399    1.7891   -0.0000    1.9581    0.3199    0.9913    0.6397    0.7136    0.9596    0.5170    1.2794         0
    1.6367    1.7443   -0.0000    1.9039    0.1541    1.2145    0.3082    0.8343    0.4623    0.6941    0.6164         0
    1.6088    1.7253   -0.0000    1.9191    0.1794    1.1689    0.3587    0.7980    0.5381    0.7403    0.7175         0
    1.6158    1.8123   -0.0000    1.9352    0.2597    1.1104    0.5193    0.7095    0.7790    0.4969    1.0387         0
    1.6119    1.7740   -0.0000    1.9175    0.2464    1.1648    0.4927    0.8011    0.7391    0.5725    0.9854         0
    1.6324    1.8168   -0.0000    1.9052    0.2466    1.2093    0.4932    0.8316    0.7398    0.6861    0.9863         0
    1.6104    1.8164   -0.0000    1.9076    0.2603    1.2010    0.5206    0.7885    0.7808    0.6316    1.0411         0
    1.6154    1.8107   -0.0000    1.9100    0.2646    1.1929    0.5292    0.7881    0.7938    0.6004    1.0584         0
    1.5913    1.8118   -0.0000    1.9272    0.2991    1.1400    0.5983    0.7605    0.8974    0.6751    1.1965         0
    1.6147    1.8301   -0.0000    1.9280    0.2956    1.1441    0.5913    0.7271    0.8869    0.4808    1.1826         0
    1.6432    1.7743   -0.0000    1.8656    0.1623    1.2974    0.3245    0.8775    0.4868    0.6574    0.6490         0
    1.6231    1.7865   -0.0000    1.8895    0.2013    1.2573    0.4026    0.8123    0.6039    0.5962    0.8052         0
    1.5804    1.8741   -0.0000    1.9591    0.3800    1.0284    0.7601    0.7450    1.1401    0.7992    1.5202         0
    1.5909    1.8119   -0.0000    1.9368    0.3264    1.1148    0.6527    0.7781    0.9791    0.5838    1.3054         0
    1.5844    1.7967   -0.0000    1.8960    0.2387    1.2291    0.4775    0.8342    0.7162    0.6545    0.9550         0
    1.5825    1.8247   -0.0000    1.9540    0.3705    1.0292    0.7409    0.5891    1.1114    0.0000    1.4819         0
    1.5616    1.8124   -0.0000    1.9083    0.2487    1.2018    0.4974    0.8307    0.7460    0.6486    0.9947         0
    1.5684    1.8173   -0.0000    1.9404    0.3235    1.0698    0.6469    0.7147    0.9704    0.7069    1.2939         0
    1.5694    1.8069   -0.0000    1.9356    0.3036    1.1280    0.6072    0.7554    0.9107    0.4867    1.2143         0
    1.6118    1.8133   -0.0000    1.9283    0.2663    1.1511    0.5325    0.7615    0.7988    0.5515    1.0651         0
    1.6147    1.7944   -0.0000    1.9247    0.2808    1.1430    0.5617    0.7838    0.8425    0.6127    1.1234         0
    1.6413    1.8000   -0.0000    1.9341    0.2739    1.1261    0.5477    0.8244    0.8216    0.6536    1.0955         0
    1.6054    1.7913   -0.0000    1.9463    0.2803    1.0560    0.5606    0.6545    0.8409    0.6177    1.1211         0
    1.6154    1.8210   -0.0000    1.9351    0.2804    1.1169    0.5608    0.7994    0.8412    0.7055    1.1216         0
    1.6131    1.7619   -0.0000    1.8823    0.1728    1.2666    0.3456    0.8572    0.5184    0.6140    0.6912         0
    1.6065    1.8128   -0.0000    1.9043    0.2693    1.2192    0.5386    0.8049    0.8079    0.6074    1.0772         0
    1.5613    1.8318   -0.0000    1.9404    0.3402    1.0824    0.6803    0.7250    1.0205    0.4950    1.3606         0
    1.5799    1.8022   -0.0000    1.8966    0.2427    1.2390    0.4855    0.8525    0.7282    0.6665    0.9709         0
    1.5739    1.8285   -0.0000    1.8924    0.2360    1.2418    0.4719    0.8182    0.7079    0.6167    0.9439         0
    1.6130    1.8331   -0.0000    1.9186    0.3146    1.1747    0.6291    0.8524    0.9437    0.6542    1.2583         0
    1.6041    1.7972   -0.0000    1.9288    0.2608    1.1429    0.5216    0.8240    0.7824    0.6551    1.0432         0
    1.6113    1.8333   -0.0000    1.9204    0.2937    1.1653    0.5874    0.7903    0.8812    0.4757    1.1749         0
    1.6237    1.8101   -0.0000    1.8981    0.2219    1.2414    0.4437    0.7870    0.6656    0.6355    0.8875         0];

